{
 "cells": [
  {
   "cell_type": "markdown",
   "metadata": {},
   "source": [
    "# Módulo 10 tarefa 2\n",
    "\n",
    "Considere a mesma base de dados utilizada na tarefa 1 ```previsao_de_renda.csv```."
   ]
  },
  {
   "cell_type": "markdown",
   "metadata": {},
   "source": [
    "1) Com o que você viu em aula, faça uma análise das variáveis qualitativas (posse de imóvel e posse de veículo) para verificar se são boas preditoras de *renda*. Alguma delas parece discriminar *renda* de forma estatisticamente significante?"
   ]
  },
  {
   "cell_type": "code",
   "execution_count": 1,
   "metadata": {},
   "outputs": [],
   "source": [
    "import pandas as pd \n",
    "import numpy as np \n",
    "import matplotlib.pyplot as plt \n",
    "import seaborn as sns"
   ]
  },
  {
   "cell_type": "code",
   "execution_count": 2,
   "metadata": {},
   "outputs": [],
   "source": [
    "df = pd.read_csv('./Profissão- Cientista de Dados_M10_support material.csv')"
   ]
  },
  {
   "cell_type": "code",
   "execution_count": 4,
   "metadata": {},
   "outputs": [
    {
     "data": {
      "text/html": [
       "<div>\n",
       "<style scoped>\n",
       "    .dataframe tbody tr th:only-of-type {\n",
       "        vertical-align: middle;\n",
       "    }\n",
       "\n",
       "    .dataframe tbody tr th {\n",
       "        vertical-align: top;\n",
       "    }\n",
       "\n",
       "    .dataframe thead th {\n",
       "        text-align: right;\n",
       "    }\n",
       "</style>\n",
       "<table border=\"1\" class=\"dataframe\">\n",
       "  <thead>\n",
       "    <tr style=\"text-align: right;\">\n",
       "      <th></th>\n",
       "      <th>Unnamed: 0</th>\n",
       "      <th>index</th>\n",
       "      <th>posse_de_veiculo</th>\n",
       "      <th>posse_de_imovel</th>\n",
       "      <th>qtd_filhos</th>\n",
       "      <th>idade</th>\n",
       "      <th>tempo_emprego</th>\n",
       "      <th>qt_pessoas_residencia</th>\n",
       "      <th>mau</th>\n",
       "      <th>renda</th>\n",
       "    </tr>\n",
       "  </thead>\n",
       "  <tbody>\n",
       "    <tr>\n",
       "      <th>Unnamed: 0</th>\n",
       "      <td>1.000000</td>\n",
       "      <td>-0.001868</td>\n",
       "      <td>0.002567</td>\n",
       "      <td>0.004003</td>\n",
       "      <td>0.015612</td>\n",
       "      <td>-0.004328</td>\n",
       "      <td>-0.002146</td>\n",
       "      <td>0.016628</td>\n",
       "      <td>0.019061</td>\n",
       "      <td>0.007646</td>\n",
       "    </tr>\n",
       "    <tr>\n",
       "      <th>index</th>\n",
       "      <td>-0.001868</td>\n",
       "      <td>1.000000</td>\n",
       "      <td>-0.007542</td>\n",
       "      <td>-0.099683</td>\n",
       "      <td>0.039734</td>\n",
       "      <td>-0.047971</td>\n",
       "      <td>-0.034574</td>\n",
       "      <td>0.041818</td>\n",
       "      <td>0.130691</td>\n",
       "      <td>-0.001740</td>\n",
       "    </tr>\n",
       "    <tr>\n",
       "      <th>posse_de_veiculo</th>\n",
       "      <td>0.002567</td>\n",
       "      <td>-0.007542</td>\n",
       "      <td>1.000000</td>\n",
       "      <td>-0.014727</td>\n",
       "      <td>0.107959</td>\n",
       "      <td>-0.157837</td>\n",
       "      <td>-0.087514</td>\n",
       "      <td>0.156009</td>\n",
       "      <td>-0.017617</td>\n",
       "      <td>0.063414</td>\n",
       "    </tr>\n",
       "    <tr>\n",
       "      <th>posse_de_imovel</th>\n",
       "      <td>0.004003</td>\n",
       "      <td>-0.099683</td>\n",
       "      <td>-0.014727</td>\n",
       "      <td>1.000000</td>\n",
       "      <td>-0.002525</td>\n",
       "      <td>0.122667</td>\n",
       "      <td>0.000112</td>\n",
       "      <td>-0.007180</td>\n",
       "      <td>-0.022499</td>\n",
       "      <td>0.029827</td>\n",
       "    </tr>\n",
       "    <tr>\n",
       "      <th>qtd_filhos</th>\n",
       "      <td>0.015612</td>\n",
       "      <td>0.039734</td>\n",
       "      <td>0.107959</td>\n",
       "      <td>-0.002525</td>\n",
       "      <td>1.000000</td>\n",
       "      <td>-0.364303</td>\n",
       "      <td>-0.074250</td>\n",
       "      <td>0.896488</td>\n",
       "      <td>0.009544</td>\n",
       "      <td>0.009567</td>\n",
       "    </tr>\n",
       "    <tr>\n",
       "      <th>idade</th>\n",
       "      <td>-0.004328</td>\n",
       "      <td>-0.047971</td>\n",
       "      <td>-0.157837</td>\n",
       "      <td>0.122667</td>\n",
       "      <td>-0.364303</td>\n",
       "      <td>1.000000</td>\n",
       "      <td>0.323934</td>\n",
       "      <td>-0.338805</td>\n",
       "      <td>-0.011087</td>\n",
       "      <td>0.042570</td>\n",
       "    </tr>\n",
       "    <tr>\n",
       "      <th>tempo_emprego</th>\n",
       "      <td>-0.002146</td>\n",
       "      <td>-0.034574</td>\n",
       "      <td>-0.087514</td>\n",
       "      <td>0.000112</td>\n",
       "      <td>-0.074250</td>\n",
       "      <td>0.323934</td>\n",
       "      <td>1.000000</td>\n",
       "      <td>-0.065748</td>\n",
       "      <td>-0.047722</td>\n",
       "      <td>0.394235</td>\n",
       "    </tr>\n",
       "    <tr>\n",
       "      <th>qt_pessoas_residencia</th>\n",
       "      <td>0.016628</td>\n",
       "      <td>0.041818</td>\n",
       "      <td>0.156009</td>\n",
       "      <td>-0.007180</td>\n",
       "      <td>0.896488</td>\n",
       "      <td>-0.338805</td>\n",
       "      <td>-0.065748</td>\n",
       "      <td>1.000000</td>\n",
       "      <td>-0.001555</td>\n",
       "      <td>0.020977</td>\n",
       "    </tr>\n",
       "    <tr>\n",
       "      <th>mau</th>\n",
       "      <td>0.019061</td>\n",
       "      <td>0.130691</td>\n",
       "      <td>-0.017617</td>\n",
       "      <td>-0.022499</td>\n",
       "      <td>0.009544</td>\n",
       "      <td>-0.011087</td>\n",
       "      <td>-0.047722</td>\n",
       "      <td>-0.001555</td>\n",
       "      <td>1.000000</td>\n",
       "      <td>-0.011577</td>\n",
       "    </tr>\n",
       "    <tr>\n",
       "      <th>renda</th>\n",
       "      <td>0.007646</td>\n",
       "      <td>-0.001740</td>\n",
       "      <td>0.063414</td>\n",
       "      <td>0.029827</td>\n",
       "      <td>0.009567</td>\n",
       "      <td>0.042570</td>\n",
       "      <td>0.394235</td>\n",
       "      <td>0.020977</td>\n",
       "      <td>-0.011577</td>\n",
       "      <td>1.000000</td>\n",
       "    </tr>\n",
       "  </tbody>\n",
       "</table>\n",
       "</div>"
      ],
      "text/plain": [
       "                       Unnamed: 0     index  posse_de_veiculo  \\\n",
       "Unnamed: 0               1.000000 -0.001868          0.002567   \n",
       "index                   -0.001868  1.000000         -0.007542   \n",
       "posse_de_veiculo         0.002567 -0.007542          1.000000   \n",
       "posse_de_imovel          0.004003 -0.099683         -0.014727   \n",
       "qtd_filhos               0.015612  0.039734          0.107959   \n",
       "idade                   -0.004328 -0.047971         -0.157837   \n",
       "tempo_emprego           -0.002146 -0.034574         -0.087514   \n",
       "qt_pessoas_residencia    0.016628  0.041818          0.156009   \n",
       "mau                      0.019061  0.130691         -0.017617   \n",
       "renda                    0.007646 -0.001740          0.063414   \n",
       "\n",
       "                       posse_de_imovel  qtd_filhos     idade  tempo_emprego  \\\n",
       "Unnamed: 0                    0.004003    0.015612 -0.004328      -0.002146   \n",
       "index                        -0.099683    0.039734 -0.047971      -0.034574   \n",
       "posse_de_veiculo             -0.014727    0.107959 -0.157837      -0.087514   \n",
       "posse_de_imovel               1.000000   -0.002525  0.122667       0.000112   \n",
       "qtd_filhos                   -0.002525    1.000000 -0.364303      -0.074250   \n",
       "idade                         0.122667   -0.364303  1.000000       0.323934   \n",
       "tempo_emprego                 0.000112   -0.074250  0.323934       1.000000   \n",
       "qt_pessoas_residencia        -0.007180    0.896488 -0.338805      -0.065748   \n",
       "mau                          -0.022499    0.009544 -0.011087      -0.047722   \n",
       "renda                         0.029827    0.009567  0.042570       0.394235   \n",
       "\n",
       "                       qt_pessoas_residencia       mau     renda  \n",
       "Unnamed: 0                          0.016628  0.019061  0.007646  \n",
       "index                               0.041818  0.130691 -0.001740  \n",
       "posse_de_veiculo                    0.156009 -0.017617  0.063414  \n",
       "posse_de_imovel                    -0.007180 -0.022499  0.029827  \n",
       "qtd_filhos                          0.896488  0.009544  0.009567  \n",
       "idade                              -0.338805 -0.011087  0.042570  \n",
       "tempo_emprego                      -0.065748 -0.047722  0.394235  \n",
       "qt_pessoas_residencia               1.000000 -0.001555  0.020977  \n",
       "mau                                -0.001555  1.000000 -0.011577  \n",
       "renda                               0.020977 -0.011577  1.000000  "
      ]
     },
     "execution_count": 4,
     "metadata": {},
     "output_type": "execute_result"
    }
   ],
   "source": [
    "df.corr()"
   ]
  },
  {
   "attachments": {},
   "cell_type": "markdown",
   "metadata": {},
   "source": [
    "Não, olhando para a matriz de correlação, a importância das variáveis posse de veículo e posse de imóvel em relação a renda é bem pequena."
   ]
  },
  {
   "cell_type": "markdown",
   "metadata": {},
   "source": []
  }
 ],
 "metadata": {
  "kernelspec": {
   "display_name": "Python 3",
   "language": "python",
   "name": "python3"
  },
  "language_info": {
   "codemirror_mode": {
    "name": "ipython",
    "version": 3
   },
   "file_extension": ".py",
   "mimetype": "text/x-python",
   "name": "python",
   "nbconvert_exporter": "python",
   "pygments_lexer": "ipython3",
   "version": "3.8.8"
  }
 },
 "nbformat": 4,
 "nbformat_minor": 4
}
